&FCI
NORB=7,
NELEC=10,
MS2=0,
UHF=.FALSE.,
ORBSYM=1,1,1,1,1,1,1,
ISYM=1,
&END
  4.74665350280316378218E+00   1   1   1   1
  4.28278827732692157770E-01   1   1   2   1
  1.01919341287362197335E+00   1   1   2   2
  7.63044417481830494765E-01   1   1   3   3
  1.66245974613794061936E-01   1   1   4   1
  1.46559646512800234586E-01   1   1   4   2
  9.39046898505264571178E-01   1   1   4   4
  1.11535632045932531220E+00   1   1   5   5
  1.99823240068516455592E-01   1   1   6   1
  2.68866213424673761168E-01   1   1   6   2
 -2.66958832649671184978E-01   1   1   6   4
  7.82006427347344157397E-01   1   1   6   6
  3.70066234184985409783E-01   1   1   7   3
  8.39696760414176068821E-01   1   1   7   7
  4.28278827732691991237E-01   2   1   1   1
  6.10856920107266249120E-02   2   1   2   1
  1.51418946866507652532E-02   2   1   2   2
  4.67143968401950715474E-03   2   1   3   3
  2.18153031830702684446E-02   2   1   4   1
  8.12601544459722567593E-03   2   1   4   2
  1.14005965103064609706E-02   2   1   4   4
  1.21135176653484576137E-02   2   1   5   5
  3.03627123910246328464E-02   2   1   6   1
  6.13692304254395259305E-03   2   1   6   2
 -3.47477023741585722832E-03   2   1   6   4
  7.41454798312601425642E-03   2   1   6   6
  7.01584856718154292743E-03   2   1   7   3
  8.92053103803928590376E-03   2   1   7   7
  1.01919341287362197335E+00   2   2   1   1
  1.51418946866507236199E-02   2   2   2   1
  7.23719157829622927736E-01   2   2   2   2
  6.16267672366671792616E-01   2   2   3   3
  1.26143066690155812581E-02   2   2   4   1
  2.25031685781377950584E-02   2   2   4   2
  6.62033752639958228414E-01   2   2   4   4
  7.53998472163030619697E-01   2   2   5   5
  2.01289886096680126909E-03   2   2   6   1
  1.31932249012740532290E-01   2   2   6   2
 -1.25002523424303707555E-01   2   2   6   4
  5.94136763724060434910E-01   2   2   6   6
  1.62721899540348241553E-01   2   2   7   3
  6.08996173581731525815E-01   2   2   7   7
  1.05939505891527729897E-02   3   1   3   1
 -1.68130800878697438117E-02   3   1   3   2
 -2.56356365266671932038E-03   3   1   4   3
 -2.62389292648757118873E-03   3   1   6   3
  1.43695889227494020407E-02   3   1   7   1
 -1.47362772602214666534E-02   3   1   7   2
 -8.29470687328013288331E-03   3   1   7   4
 -7.66108339108204864504E-03   3   1   7   6
 -1.68130800878697472811E-02   3   2   3   1
  1.31225847677831908289E-01   3   2   3   2
 -2.76360775504149377979E-02   3   2   4   3
 -3.75444542671268186029E-02   3   2   6   3
 -2.17194714715513020886E-02   3   2   7   1
  5.36953169355747494951E-02   3   2   7   2
  7.28480871909152338795E-02   3   2   7   4
  8.67136547350409875312E-02   3   2   7   6
  7.63044417481830605787E-01   3   3   1   1
  4.67143968401948807279E-03   3   3   2   1
  6.16267672366671903639E-01   3   3   2   2
  5.94988670369433259033E-01   3   3   3   3
  5.58455263417463338566E-03   3   3   4   1
 -4.35293263328633429216E-03   3   3   4   2
  5.67230877394571009198E-01   3   3   4   4
  6.02604138434882807829E-01   3   3   5   5
 -5.77798911382689938006E-04   3   3   6   1
  6.63960784123096420251E-02   3   3   6   2
 -4.81887170570177644779E-02   3   3   6   4
  5.49809031825553962136E-01   3   3   6   6
  8.86112502440541266457E-02   3   3   7   3
  5.83337071953576424832E-01   3   3   7   7
  1.66245974613794089692E-01   4   1   1   1
  2.18153031830702823224E-02   4   1   2   1
  1.26143066690155934012E-02   4   1   2   2
  5.58455263417463685510E-03   4   1   3   3
  2.44195881363421726795E-02   4   1   4   1
 -1.84892430557226858379E-02   4   1   4   2
 -8.92535228382927703361E-03   4   1   4   4
  4.67333589433722561973E-03   4   1   5   5
 -2.73034918474501396221E-03   4   1   6   1
  1.84186246720644264396E-02   4   1   6   2
 -1.20418771455097612343E-03   4   1   6   4
  1.80083945779137728771E-02   4   1   6   6
 -2.85210495900002582084E-04   4   1   7   3
  3.74020812053724649102E-03   4   1   7   7
  1.46559646512800234586E-01   4   2   1   1
  8.12601544459718577729E-03   4   2   2   1
  2.25031685781377638333E-02   4   2   2   2
 -4.35293263328633776160E-03   4   2   3   3
 -1.84892430557227031851E-02   4   2   4   1
  1.29672907363268696823E-01   4   2   4   2
  9.49953490983310722129E-02   4   2   4   4
  7.93858416834555824515E-02   4   2   5   5
  2.07682863886569889222E-02   4   2   6   1
 -3.14300371018789714839E-02   4   2   6   2
 -4.77327373322824696777E-02   4   2   6   4
 -4.85372248927142674324E-02   4   2   6   6
  7.75958839254004689723E-02   4   2   7   3
  1.83287068878183433129E-02   4   2   7   7
 -2.56356365266672148878E-03   4   3   3   1
 -2.76360775504149377979E-02   4   3   3   2
  5.51247735048128670310E-02   4   3   4   3
  3.75739342143295643184E-02   4   3   6   3
 -3.54316309087143255577E-03   4   3   7   1
  3.06019306160081917823E-02   4   3   7   2
 -1.26569716635396203180E-02   4   3   7   4
 -6.15254773877264155013E-02   4   3   7   6
  9.39046898505264682200E-01   4   4   1   1
  1.14005965103064956651E-02   4   4   2   1
  6.62033752639958450459E-01   4   4   2   2
  5.67230877394571009198E-01   4   4   3   3
 -8.92535228382925968638E-03   4   4   4   1
  9.49953490983312665019E-02   4   4   4   2
  7.07770348996796583307E-01   4   4   4   4
  6.93407151188883519310E-01   4   4   5   5
  1.59229333738604914017E-02   4   4   6   1
  6.47346495894523532577E-02   4   4   6   2
 -1.31944113145119085173E-01   4   4   6   4
  5.43817853094100134292E-01   4   4   6   6
  1.43881024992311035149E-01   4   4   7   3
  5.80373377710752924585E-01   4   4   7   7
  2.59689149194757308570E-02   5   1   5   1
 -3.31825551396659548797E-02   5   1   5   2
 -1.20019249113639051019E-02   5   1   5   4
 -1.32561382777035691172E-02   5   1   6   5
 -3.31825551396659618186E-02   5   2   5   1
  1.50058751118949923464E-01   5   2   5   2
  4.42409723834911658424E-02   5   2   5   4
  5.17659522635475904950E-02   5   2   6   5
  2.64663589274264400564E-02   5   3   5   3
  2.38876366361490330426E-02   5   3   7   5
 -1.20019249113639033671E-02   5   4   5   1
  4.42409723834911589035E-02   5   4   5   2
  4.88391381847582753406E-02   5   4   5   4
 -5.11454771115985116353E-03   5   4   6   5
  1.11535632045932531220E+00   5   5   1   1
  1.21135176653484576137E-02   5   5   2   1
  7.53998472163030619697E-01   5   5   2   2
  6.02604138434882807829E-01   5   5   3   3
  4.67333589433722561973E-03   5   5   4   1
  7.93858416834555824515E-02   5   5   4   2
  6.93407151188883519310E-01   5   5   4   4
  8.80159093375046719387E-01   5   5   5   5
  5.41089351144104398206E-03   5   5   6   1
  1.42244055697906740532E-01   5   5   6   2
 -1.47593738209430086483E-01   5   5   6   4
  5.77949934765199957454E-01   5   5   6   6
  2.01958258160786802149E-01   5   5   7   3
  6.09736996855911872473E-01   5   5   7   7
  1.99823240068516511103E-01   6   1   1   1
  3.03627123910246467242E-02   6   1   2   1
  2.01289886096681558056E-03   6   1   2   2
 -5.77798911382676060218E-04   6   1   3   3
 -2.73034918474501656430E-03   6   1   4   1
  2.07682863886570062695E-02   6   1   4   2
  1.59229333738604532378E-02   6   1   4   4
  5.41089351144104398206E-03   6   1   5   5
  2.61966628465198289599E-02   6   1   6   1
 -9.82593182881676997786E-03   6   1   6   2
 -1.77094159142692506373E-03   6   1   6   4
 -8.78666223175109117882E-03   6   1   6   6
  5.76994930894275410288E-03   6   1   7   3
  3.74725498218116863727E-03   6   1   7   7
  2.68866213424673761168E-01   6   2   1   1
  6.13692304254391876595E-03   6   2   2   1
  1.31932249012740476779E-01   6   2   2   2
  6.63960784123096281473E-02   6   2   3   3
  1.84186246720644125618E-02   6   2   4   1
 -3.14300371018789853617E-02   6   2   4   2
  6.47346495894521589687E-02   6   2   4   4
  1.42244055697906740532E-01   6   2   5   5
 -9.82593182881678385565E-03   6   2   6   1
  9.51527282120004369581E-02   6   2   6   2
 -6.02520090175032024815E-02   6   2   6   4
  9.21052970194796843950E-02   6   2   6   6
  6.88817150728289057104E-02   6   2   7   3
  6.15699462946892733806E-02   6   2   7   7
 -2.62389292648757422449E-03   6   3   3   1
 -3.75444542671268186029E-02   6   3   3   2
  3.75739342143295573795E-02   6   3   4   3
  7.49902275758090458568E-02   6   3   6   3
 -3.03856184163168183479E-03   6   3   7   1
  3.02565007912979147542E-02   6   3   7   2
 -5.41371018000761788924E-02   6   3   7   4
 -6.65810358888039854897E-02   6   3   7   6
 -2.66958832649671518045E-01   6   4   1   1
 -3.47477023741588845335E-03   6   4   2   1
 -1.25002523424303874089E-01   6   4   2   2
 -4.81887170570177159057E-02   6   4   3   3
 -1.20418771455099130226E-03   6   4   4   1
 -4.77327373322824904944E-02   6   4   4   2
 -1.31944113145119168440E-01   6   4   4   4
 -1.47593738209430086483E-01   6   4   5   5
 -1.77094159142694045940E-03   6   4   6   1
 -6.02520090175033620761E-02   6   4   6   2
  9.55699466481517712069E-02   6   4   6   4
 -5.24258727724211393006E-02   6   4   6   6
 -9.98933326331783999485E-02   6   4   7   3
 -5.08165431763185002079E-02   6   4   7   7
 -1.32561382777035656477E-02   6   5   5   1
  5.17659522635475696783E-02   6   5   5   2
 -5.11454771115984595936E-03   6   5   5   4
  3.46031274912253564158E-02   6   5   6   5
  7.82006427347344268419E-01   6   6   1   1
  7.41454798312600298071E-03   6   6   2   1
  5.94136763724060545933E-01   6   6   2   2
  5.49809031825554073158E-01   6   6   3   3
  1.80083945779137763465E-02   6   6   4   1
 -4.85372248927142535546E-02   6   6   4   2
  5.43817853094100023270E-01   6   6   4   4
  5.77949934765199957454E-01   6   6   5   5
 -8.78666223175106689269E-03   6   6   6   1
  9.21052970194797121506E-02   6   6   6   2
 -5.24258727724211531784E-02   6   6   6   4
  5.81816835348058059019E-01   6   6   6   6
  4.40387460540243858009E-02   6   6   7   3
  5.50135897151273978167E-01   6   6   7   7
  1.43695889227494020407E-02   7   1   3   1
 -2.17194714715512986192E-02   7   1   3   2
 -3.54316309087143515785E-03   7   1   4   3
 -3.03856184163168313583E-03   7   1   6   3
  1.95217970312572645930E-02   7   1   7   1
 -1.91033281391814052652E-02   7   1   7   2
 -1.12477011653563836735E-02   7   1   7   4
 -1.01359344414111811339E-02   7   1   7   6
 -1.47362772602214666534E-02   7   2   3   1
  5.36953169355747772507E-02   7   2   3   2
  3.06019306160081952517E-02   7   2   4   3
  3.02565007912979251625E-02   7   2   6   3
 -1.91033281391814087347E-02   7   2   7   1
  6.78164589725689659350E-02   7   2   7   2
  1.71885925961393522254E-02   7   2   7   4
 -4.54703441669870433300E-03   7   2   7   6
  3.70066234184985687339E-01   7   3   1   1
  7.01584856718156894828E-03   7   3   2   1
  1.62721899540348102775E-01   7   3   2   2
  8.86112502440541127680E-02   7   3   3   3
 -2.85210495899983391705E-04   7   3   4   1
  7.75958839254004828501E-02   7   3   4   2
  1.43881024992311173927E-01   7   3   4   4
  2.01958258160786802149E-01   7   3   5   5
  5.76994930894279053207E-03   7   3   6   1
  6.88817150728289195882E-02   7   3   6   2
 -9.98933326331784138263E-02   7   3   6   4
  4.40387460540243649842E-02   7   3   6   6
  1.59448901907191464833E-01   7   3   7   3
  9.56471267505177441537E-02   7   3   7   7
 -8.29470687328013461803E-03   7   4   3   1
  7.28480871909152338795E-02   7   4   3   2
 -1.26569716635396237875E-02   7   4   4   3
 -5.41371018000761858313E-02   7   4   6   3
 -1.12477011653563819388E-02   7   4   7   1
  1.71885925961393695727E-02   7   4   7   2
  7.09526841384057610496E-02   7   4   7   4
  6.03765605862255083647E-02   7   4   7   6
  2.38876366361490365120E-02   7   5   5   3
  2.50413721736782446392E-02   7   5   7   5
 -7.66108339108204777768E-03   7   6   3   1
  8.67136547350410014090E-02   7   6   3   2
 -6.15254773877263946846E-02   7   6   4   3
 -6.65810358888039854897E-02   7   6   6   3
 -1.01359344414111811339E-02   7   6   7   1
 -4.54703441669869132258E-03   7   6   7   2
  6.03765605862254806091E-02   7   6   7   4
  1.12645814419274084561E-01   7   6   7   6
  8.39696760414176290865E-01   7   7   1   1
  8.92053103803924253568E-03   7   7   2   1
  6.08996173581731636837E-01   7   7   2   2
  5.83337071953576313810E-01   7   7   3   3
  3.74020812053724172053E-03   7   7   4   1
  1.83287068878183988241E-02   7   7   4   2
  5.80373377710753035608E-01   7   7   4   4
  6.09736996855911872473E-01   7   7   5   5
  3.74725498218115475949E-03   7   7   6   1
  6.15699462946893913418E-02   7   7   6   2
 -5.08165431763185279634E-02   7   7   6   4
  5.50135897151273978167E-01   7   7   6   6
  9.56471267505176608870E-02   7   7   7   3
  5.96967070930706444898E-01   7   7   7   7
 -3.25607590836978673110E+01   1   1   0   0
 -5.68276708421180609676E-01   2   1   0   0
 -7.56435992758813391390E+00   2   2   0   0
 -6.01783656551113477207E+00   3   3   0   0
 -2.09504485840165510790E-01   4   1   0   0
 -5.22263430779737691800E-01   4   2   0   0
 -6.60967849281253805316E+00   4   4   0   0
 -7.34714481208782022037E+00   5   5   0   0
 -2.56308389616593912397E-01   6   1   0   0
 -1.21956277020329784122E+00   6   2   0   0
  1.30573073606279677072E+00   6   4   0   0
 -5.29130866939955168959E+00   6   6   0   0
 -1.76657051317799496104E+00   7   3   0   0
 -5.51336034014189557695E+00   7   7   0   0
  8.00236648217342150247E+00   0   0   0   0
